 0        127.70         55.44
        265.00        134.71         69.43
        530.00        141.71         83.20
        794.99        148.70         96.69
       1059.99        155.68        109.87
       1324.99        162.66        122.69
       1589.99        169.62        135.06
       1854.99        176.58        146.90
       2119.99        183.53        158.12
       2384.98        190.47        168.56
       2893.53        203.77        175.27
       3402.08        217.03        182.98
       3910.62        230.25        191.32
       4419.17        243.44        199.87
       4927.72        256.59        208.21
       5436.26        269.71        216.09
       5944.81        282.78        223.35
       6453.36        295.82        229.97
       6961.90        308.82        235.96
       7124.49        312.97        243.86
       7287.08        317.11        252.54
       7449.67        321.25        261.95
       7612.26        325.38        272.03
       7774.85        329.52        282.70
       7937.44        333.64        293.89
       8100.03        337.77        305.55
       8262.62        341.89        317.61
       8425.21        346.00        330.00