0        127.70         71.80
        247.00        134.23         84.81
        500.29        140.92         97.82
        762.18        147.83        110.83
       1036.61        155.06        123.84
       1331.74        162.83        136.85
       1672.48        171.79        149.86
       2402.01        190.92        162.87
       2937.65        204.92        175.88
       3427.37        217.69        188.89
       3427.37        217.69        188.89
       4033.77        233.45        199.26
       4642.16        249.21        209.66
       5252.63        264.98        219.49
       5865.24        280.74        228.46
	   5865.24        280.74        228.46
       6270.35        297.06        247.74
       6676.99        313.37        271.72
       7085.19        329.69        299.47
       7494.98        346.00        330.00