             0        127.70         60.70
        254.39        134.43         74.36
        508.78        141.15         87.73
        763.17        147.86        100.75
       1017.56        154.56        113.34
       1271.95        161.26        125.41
       1526.34        167.95        136.82
       1780.73        174.63        147.42
       2035.13        181.31        156.98
       2289.52        187.97        165.22
       2289.52        187.97        165.22
       2647.55        197.34        168.85
       3005.59        206.69        173.23
       3363.63        216.03        178.35
       3721.67        225.34        184.11
       4079.71        234.64        190.31
       4437.75        243.92        196.72
       4795.79        253.19        203.15
       5153.83        262.43        209.42
       5511.87        271.65        215.42
       5511.87        271.65        215.42
       5714.68        279.98        224.05
       5917.49        288.29        233.97
       6120.31        296.58        245.09
       6323.12        304.86        257.29
       6525.93        313.12        270.44
       6728.75        321.36        284.42
       6931.56        329.59        299.08
       7134.37        337.80        314.31
       7337.19        346.00        330.00
       