 0        127.70         84.50
        272.31        134.90         97.40
        552.59        142.30        110.31
        844.11        149.99        123.21
       1153.09        158.13        136.11
       1649.29        171.18        149.02
       2437.76        191.85        161.92
       3006.74        206.72        174.82
       3542.20        220.67        187.73
       4106.45        235.34        200.63
       4794.24        253.15        210.95
       5484.71        270.96        220.44
       6177.94        288.77        228.95
       6873.99        306.58        236.47
       7260.44        316.43        255.28
       7647.79        326.29        277.61
	   8036.04        336.14        302.75
 8425.21        346.00        330.00